{
  "session": "250708",
  "person_height_mm": 1700,
  "anchor_pair": [
    "102",
    "113"
  ],
  "scale_factor": 3422.593845230917,
  "reproj_before_ba": 6.474010732904446,
  "reproj_after_ba": 6.337981731505522,
  "cameras": {
    "102": {
      "known_mm": [
        300.0,
        3260.0,
        540.0
      ],
      "placed": true,
      "reconstructed_aligned_mm": [
        179.6,
        3340.6,
        842.3
      ],
      "error_mm": 335.2,
      "R_world": [
        [
          -0.72397337,
          -0.68859097,
          0.04129215
        ],
        [
          -0.03759564,
          -0.02038384,
          -0.99908511
        ],
        [
          0.68880268,
          -0.72486342,
          -0.01113066
        ]
      ],
      "T_world": [
        2395.5147,
        916.3335,
        2307.1593
      ],
      "K": [
        [
          1157.0621,
          0.0,
          1024.0
        ],
        [
          0.0,
          1157.0621,
          748.0
        ],
        [
          0.0,
          0.0,
          1.0
        ]
      ]
    },
    "108": {
      "known_mm": [
        1850.0,
        0.0,
        2480.0
      ],
      "placed": true,
      "reconstructed_aligned_mm": [
        1948.7,
        -272.7,
        3050.0
      ],
      "error_mm": 639.5,
      "R_world": [
        [
          0.74487045,
          0.64887083,
          0.15535335
        ],
        [
          0.49109095,
          -0.37556456,
          -0.78599042
        ],
        [
          -0.45166104,
          0.66175366,
          -0.59840153
        ]
      ],
      "T_world": [
        -1748.4349,
        1337.8201,
        2885.7129
      ],
      "K": [
        [
          1157.0621,
          0.0,
          1024.0
        ],
        [
          0.0,
          1157.0621,
          748.0
        ],
        [
          0.0,
          0.0,
          1.0
        ]
      ]
    },
    "113": {
      "known_mm": [
        50.0,
        0.0,
        550.0
      ],
      "placed": true,
      "reconstructed_aligned_mm": [
        -78.4,
        -73.3,
        722.5
      ],
      "error_mm": 227.1,
      "R_world": [
        [
          0.59503051,
          -0.80365421,
          0.0088657
        ],
        [
          0.01395649,
          -0.00069718,
          -0.99990236
        ],
        [
          0.80358193,
          0.59509614,
          0.01080135
        ]
      ],
      "T_world": [
        -18.693,
        723.4288,
        98.8022
      ],
      "K": [
        [
          1157.0621,
          0.0,
          1024.0
        ],
        [
          0.0,
          1157.0621,
          748.0
        ],
        [
          0.0,
          0.0,
          1.0
        ]
      ]
    },
    "117": {
      "known_mm": [
        2080.0,
        3070.0,
        2550.0
      ],
      "placed": true,
      "reconstructed_aligned_mm": [
        2230.1,
        3335.4,
        3001.5
      ],
      "error_mm": 544.8,
      "R_world": [
        [
          -0.88772264,
          0.43725704,
          0.14406522
        ],
        [
          0.19986457,
          0.64793326,
          -0.73500792
        ],
        [
          -0.41473204,
          -0.62368964,
          -0.66257722
        ]
      ],
      "T_world": [
        88.8478,
        -400.7324,
        4993.8585
      ],
      "K": [
        [
          1157.0621,
          0.0,
          1024.0
        ],
        [
          0.0,
          1157.0621,
          750.0
        ],
        [
          0.0,
          0.0,
          1.0
        ]
      ]
    }
  },
  "mean_error_mm": 436.7
}