{
  "label": "Ideal",
  "method": "monkey_pose_ideal",
  "reproj_before_ba": 14.74,
  "reproj_after_ba": 12.86,
  "mean_error_mm": 0.0,
  "cameras": {
    "102": {
      "known_mm": [
        300.0,
        3260.0,
        540.0
      ],
      "placed": true,
      "reconstructed_aligned_mm": [
        300.0,
        3260.0,
        540.0
      ],
      "error_mm": 0.0,
      "R_world": [
        [
          -0.72397337,
          -0.68859097,
          0.04129215
        ],
        [
          -0.03759564,
          -0.02038384,
          -0.99908511
        ],
        [
          0.68880268,
          -0.72486342,
          -0.01113066
        ]
      ],
      "T_world": [
        2439.7008,
        617.236,
        2162.4245
      ],
      "K": [
        [
          1157.0621,
          0.0,
          1024.0
        ],
        [
          0.0,
          1157.0621,
          748.0
        ],
        [
          0.0,
          0.0,
          1.0
        ]
      ]
    },
    "108": {
      "known_mm": [
        1850.0,
        0.0,
        2480.0
      ],
      "placed": true,
      "reconstructed_aligned_mm": [
        1850.0,
        0.0,
        2480.0
      ],
      "error_mm": 0.0,
      "R_world": [
        [
          0.74342627,
          0.65153736,
          0.15105116
        ],
        [
          0.484518,
          -0.36896633,
          -0.79316213
        ],
        [
          -0.46104197,
          0.66284457,
          -0.58998084
        ]
      ],
      "T_world": [
        -1749.9455,
        1070.6838,
        2316.0801
      ],
      "K": [
        [
          1157.0621,
          0.0,
          1024.0
        ],
        [
          0.0,
          1157.0621,
          748.0
        ],
        [
          0.0,
          0.0,
          1.0
        ]
      ]
    },
    "113": {
      "known_mm": [
        50.0,
        0.0,
        550.0
      ],
      "placed": true,
      "reconstructed_aligned_mm": [
        50.0,
        0.0,
        550.0
      ],
      "error_mm": 0.0,
      "R_world": [
        [
          0.5949133,
          -0.80375676,
          0.00729612
        ],
        [
          0.00716304,
          -0.00377539,
          -0.99996722
        ],
        [
          0.80375796,
          0.59494606,
          0.00351132
        ]
      ],
      "T_world": [
        -33.7585,
        549.6238,
        -42.1191
      ],
      "K": [
        [
          1157.0621,
          0.0,
          1024.0
        ],
        [
          0.0,
          1157.0621,
          748.0
        ],
        [
          0.0,
          0.0,
          1.0
        ]
      ]
    },
    "117": {
      "known_mm": [
        2080.0,
        3070.0,
        2550.0
      ],
      "placed": true,
      "reconstructed_aligned_mm": [
        2080.0,
        3070.0,
        2550.0
      ],
      "error_mm": 0.0,
      "R_world": [
        [
          -0.89141091,
          0.4337522,
          0.13132258
        ],
        [
          0.21316625,
          0.65701138,
          -0.72311562
        ],
        [
          -0.39993342,
          -0.61659961,
          -0.67812844
        ]
      ],
      "T_world": [
        187.6429,
        -616.4659,
        4454.0498
      ],
      "K": [
        [
          1157.0621,
          0.0,
          1024.0
        ],
        [
          0.0,
          1157.0621,
          748.0
        ],
        [
          0.0,
          0.0,
          1.0
        ]
      ]
    }
  }
}