{
  "sessions": [
    "250708"
  ],
  "method": "monkey_gt",
  "label": "Monkey GT 250708",
  "init_method": "look_at_room_centre",
  "n_cameras": 4,
  "reproj_after_ba": 2.9526301213491672,
  "floor_weight": 50.0,
  "positions_fixed": true,
  "cameras": {
    "102": {
      "known_mm": [
        300.0,
        3260.0,
        540.0
      ],
      "placed": true,
      "reconstructed_aligned_mm": [
        300.0,
        3260.0,
        540.0
      ],
      "error_mm": 0.0,
      "R_world": [
        [
          -0.75520994,
          -0.6542566,
          0.04007803
        ],
        [
          -0.01863243,
          -0.03969098,
          -0.99903827
        ],
        [
          0.65521812,
          -0.75523038,
          0.01778463
        ]
      ],
      "T_world": [
        2337.7974,
        674.463,
        2255.8819
      ],
      "K": [
        [
          1157.0621,
          0.0,
          1024.0
        ],
        [
          0.0,
          1157.0621,
          748.0
        ],
        [
          0.0,
          0.0,
          1.0
        ]
      ]
    },
    "108": {
      "known_mm": [
        1850.0,
        0.0,
        2480.0
      ],
      "placed": true,
      "reconstructed_aligned_mm": [
        1850.0,
        0.0,
        2480.0
      ],
      "error_mm": 0.0,
      "R_world": [
        [
          0.72508602,
          0.67020194,
          0.15836545
        ],
        [
          0.50266789,
          -0.35788713,
          -0.78691918
        ],
        [
          -0.47071781,
          0.65018932,
          -0.59638795
        ]
      ],
      "T_world": [
        -1734.1555,
        1021.624,
        2349.8701
      ],
      "K": [
        [
          1157.0621,
          0.0,
          1024.0
        ],
        [
          0.0,
          1157.0621,
          748.0
        ],
        [
          0.0,
          0.0,
          1.0
        ]
      ]
    },
    "113": {
      "known_mm": [
        50.0,
        0.0,
        550.0
      ],
      "placed": true,
      "reconstructed_aligned_mm": [
        50.0,
        0.0,
        550.0
      ],
      "error_mm": 0.0,
      "R_world": [
        [
          0.63036411,
          -0.77576833,
          -0.02871553
        ],
        [
          -0.03011244,
          0.01252751,
          -0.99946801
        ],
        [
          0.77571536,
          0.63089346,
          -0.01546338
        ]
      ],
      "T_world": [
        -15.7247,
        551.213,
        -30.2809
      ],
      "K": [
        [
          1157.0621,
          0.0,
          1024.0
        ],
        [
          0.0,
          1157.0621,
          748.0
        ],
        [
          0.0,
          0.0,
          1.0
        ]
      ]
    },
    "117": {
      "known_mm": [
        2080.0,
        3070.0,
        2550.0
      ],
      "placed": true,
      "reconstructed_aligned_mm": [
        2080.0,
        3070.0,
        2550.0
      ],
      "error_mm": 0.0,
      "R_world": [
        [
          -0.89167116,
          0.41597316,
          0.17857458
        ],
        [
          0.18402197,
          0.6934955,
          -0.69656292
        ],
        [
          -0.41359215,
          -0.58824342,
          -0.69491813
        ]
      ],
      "T_world": [
        122.2732,
        -735.5614,
        4438.2202
      ],
      "K": [
        [
          1157.0621,
          0.0,
          1024.0
        ],
        [
          0.0,
          1157.0621,
          748.0
        ],
        [
          0.0,
          0.0,
          1.0
        ]
      ]
    }
  },
  "mean_error_mm": 0.0
}