{
  "label": "Joker",
  "method": "monkey_pose",
  "anchor_pair": [
    "108",
    "113"
  ],
  "scale_mm": 2639.1,
  "reproj_before_ba": 1.96,
  "reproj_after_ba": 1.91,
  "mean_error_mm": 2105.6,
  "cameras": {
    "102": {
      "known_mm": [
        300.0,
        3260.0,
        540.0
      ],
      "placed": true,
      "reconstructed_aligned_mm": [
        1905.4,
        2053.1,
        -1122.5
      ],
      "error_mm": 2607.3,
      "R_world": [
        [
          0.67114687,
          -0.2513608,
          0.69740922
        ],
        [
          -0.26123143,
          0.80022556,
          0.53981219
        ],
        [
          -0.69377231,
          -0.54447847,
          0.47140554
        ]
      ],
      "T_world": [
        20.0658,
        -539.2428,
        2968.9287
      ],
      "K": [
        [
          1157.0621,
          0.0,
          1024.0
        ],
        [
          0.0,
          1157.0621,
          748.0
        ],
        [
          0.0,
          0.0,
          1.0
        ]
      ]
    },
    "108": {
      "known_mm": [
        1850.0,
        0.0,
        2480.0
      ],
      "placed": true,
      "reconstructed_aligned_mm": [
        147.8,
        603.4,
        2344.9
      ],
      "error_mm": 1811.0,
      "R_world": [
        [
          -0.34544536,
          0.66795007,
          0.65917389
        ],
        [
          -0.73575399,
          0.24324298,
          -0.63205927
        ],
        [
          -0.58252345,
          -0.70333176,
          0.40741977
        ]
      ],
      "T_world": [
        -1897.6778,
        1444.1069,
        -444.8154
      ],
      "K": [
        [
          1157.0621,
          0.0,
          1024.0
        ],
        [
          0.0,
          1157.0621,
          748.0
        ],
        [
          0.0,
          0.0,
          1.0
        ]
      ]
    },
    "113": {
      "known_mm": [
        50.0,
        0.0,
        550.0
      ],
      "placed": true,
      "reconstructed_aligned_mm": [
        146.7,
        603.5,
        2347.6
      ],
      "error_mm": 1898.7,
      "R_world": [
        [
          0.06744727,
          0.98068071,
          -0.18361973
        ],
        [
          -0.63163906,
          -0.10049162,
          -0.76872201
        ],
        [
          -0.77232309,
          0.1678296,
          0.61265836
        ]
      ],
      "T_world": [
        -170.6644,
        1957.9646,
        -1426.2323
      ],
      "K": [
        [
          1157.0621,
          0.0,
          1024.0
        ],
        [
          0.0,
          1157.0621,
          748.0
        ],
        [
          0.0,
          0.0,
          1.0
        ]
      ]
    },
    "117": {
      "known_mm": [
        2080.0,
        3070.0,
        2550.0
      ],
      "placed": false
    }
  }
}