{
  "label": "Elmo",
  "method": "monkey_pose",
  "anchor_pair": [
    "113",
    "117"
  ],
  "scale_mm": 4188.8,
  "reproj_before_ba": 2.41,
  "reproj_after_ba": 2.35,
  "mean_error_mm": 1349.4,
  "cameras": {
    "102": {
      "known_mm": [
        300.0,
        3260.0,
        540.0
      ],
      "placed": true,
      "reconstructed_aligned_mm": [
        422.9,
        2366.2,
        204.5
      ],
      "error_mm": 962.6,
      "R_world": [
        [
          -0.91875421,
          -0.04659687,
          0.3920707
        ],
        [
          -0.2163432,
          -0.77125885,
          -0.59862794
        ],
        [
          0.33028218,
          -0.63481377,
          0.6985164
        ]
      ],
      "T_world": [
        418.6639,
        2038.8702,
        1219.6111
      ],
      "K": [
        [
          1157.0621,
          0.0,
          1024.0
        ],
        [
          0.0,
          1157.0621,
          748.0
        ],
        [
          0.0,
          0.0,
          1.0
        ]
      ]
    },
    "108": {
      "known_mm": [
        1850.0,
        0.0,
        2480.0
      ],
      "placed": true,
      "reconstructed_aligned_mm": [
        1293.7,
        -1318.7,
        1693.8
      ],
      "error_mm": 1633.0,
      "R_world": [
        [
          -0.83661611,
          0.00293041,
          0.5477818
        ],
        [
          0.52349321,
          0.29878918,
          0.79792223
        ],
        [
          -0.16133304,
          0.95431464,
          -0.25150589
        ]
      ],
      "T_world": [
        158.3377,
        -1634.7078,
        1893.1441
      ],
      "K": [
        [
          1157.0621,
          0.0,
          1024.0
        ],
        [
          0.0,
          1157.0621,
          748.0
        ],
        [
          0.0,
          0.0,
          1.0
        ]
      ]
    },
    "113": {
      "known_mm": [
        50.0,
        0.0,
        550.0
      ],
      "placed": true,
      "reconstructed_aligned_mm": [
        740.5,
        1620.4,
        1778.9
      ],
      "error_mm": 2147.7,
      "R_world": [
        [
          -0.91892552,
          -0.16659737,
          0.35752092
        ],
        [
          -0.27515403,
          -0.37868378,
          -0.88367915
        ],
        [
          0.28260599,
          -0.91040865,
          0.30214226
        ]
      ],
      "T_world": [
        314.4209,
        2389.3569,
        728.4516
      ],
      "K": [
        [
          1157.0621,
          0.0,
          1024.0
        ],
        [
          0.0,
          1157.0621,
          748.0
        ],
        [
          0.0,
          0.0,
          1.0
        ]
      ]
    },
    "117": {
      "known_mm": [
        2080.0,
        3070.0,
        2550.0
      ],
      "placed": true,
      "reconstructed_aligned_mm": [
        1822.9,
        3662.1,
        2442.9
      ],
      "error_mm": 654.3,
      "R_world": [
        [
          0.22649907,
          0.32241619,
          -0.91910063
        ],
        [
          0.93344726,
          -0.3413374,
          0.11029504
        ],
        [
          -0.27816251,
          -0.88291369,
          -0.37827111
        ]
      ],
      "T_world": [
        651.6257,
        -721.0238,
        4664.4209
      ],
      "K": [
        [
          1157.0621,
          0.0,
          1024.0
        ],
        [
          0.0,
          1157.0621,
          748.0
        ],
        [
          0.0,
          0.0,
          1.0
        ]
      ]
    }
  }
}