{
  "label": "Combined",
  "method": "monkey_pose",
  "anchor_pair": [
    "108",
    "113"
  ],
  "scale_mm": 2639.1,
  "reproj_before_ba": 2.37,
  "reproj_after_ba": 2.36,
  "mean_error_mm": 2611.1,
  "cameras": {
    "102": {
      "known_mm": [
        300.0,
        3260.0,
        540.0
      ],
      "placed": true,
      "reconstructed_aligned_mm": [
        -233.6,
        -184.7,
        -1309.5
      ],
      "error_mm": 3946.1,
      "R_world": [
        [
          0.86133191,
          -0.38586103,
          0.33048238
        ],
        [
          0.48093861,
          0.82891797,
          -0.28564498
        ],
        [
          -0.16372352,
          0.40497687,
          0.89954897
        ]
      ],
      "T_world": [
        562.6883,
        -108.6235,
        1214.5285
      ],
      "K": [
        [
          1157.0621,
          0.0,
          1024.0
        ],
        [
          0.0,
          1157.0621,
          748.0
        ],
        [
          0.0,
          0.0,
          1.0
        ]
      ]
    },
    "108": {
      "known_mm": [
        1850.0,
        0.0,
        2480.0
      ],
      "placed": true,
      "reconstructed_aligned_mm": [
        1498.1,
        2164.0,
        2469.5
      ],
      "error_mm": 2192.5,
      "R_world": [
        [
          0.56680262,
          -0.13477561,
          -0.81275478
        ],
        [
          0.50692381,
          -0.72061306,
          0.47301698
        ],
        [
          -0.64943286,
          -0.68011201,
          -0.3401244
        ]
      ],
      "T_world": [
        1449.5693,
        -368.1121,
        3284.6345
      ],
      "K": [
        [
          1157.0621,
          0.0,
          1024.0
        ],
        [
          0.0,
          1157.0621,
          748.0
        ],
        [
          0.0,
          0.0,
          1.0
        ]
      ]
    },
    "113": {
      "known_mm": [
        50.0,
        0.0,
        550.0
      ],
      "placed": true,
      "reconstructed_aligned_mm": [
        1505.5,
        2171.0,
        2475.8
      ],
      "error_mm": 3246.6,
      "R_world": [
        [
          0.96704275,
          0.25228364,
          -0.03436986
        ],
        [
          0.20174263,
          -0.67686776,
          0.70791944
        ],
        [
          0.15533264,
          -0.69152223,
          -0.70545643
        ]
      ],
      "T_world": [
        -1918.5214,
        -586.8918,
        3013.969
      ],
      "K": [
        [
          1157.0621,
          0.0,
          1024.0
        ],
        [
          0.0,
          1157.0621,
          748.0
        ],
        [
          0.0,
          0.0,
          1.0
        ]
      ]
    },
    "117": {
      "known_mm": [
        2080.0,
        3070.0,
        2550.0
      ],
      "placed": true,
      "reconstructed_aligned_mm": [
        1509.9,
        2179.7,
        2484.3
      ],
      "error_mm": 1059.2,
      "R_world": [
        [
          -0.99205727,
          0.10853271,
          -0.0635847
        ],
        [
          0.0871763,
          0.2288243,
          -0.96955646
        ],
        [
          -0.09067886,
          -0.96739862,
          -0.2364683
        ]
      ],
      "T_world": [
        1419.3167,
        1778.2804,
        2833.0028
      ],
      "K": [
        [
          1157.0621,
          0.0,
          1024.0
        ],
        [
          0.0,
          1157.0621,
          748.0
        ],
        [
          0.0,
          0.0,
          1.0
        ]
      ]
    }
  }
}