%YAML:1.0
---
intrinsicMatrix: !!opencv-matrix
   rows: 3
   cols: 3
   dt: d
   data: [ 1207.6980632003067, 0., 0., 0., 1200.1692287701001, 0.,
       1024.2035136012466, 774.01142013572087, 1. ]
distortionCoefficients: !!opencv-matrix
   rows: 1
   cols: 5
   dt: d
   data: [ -0.090672949029348485, 0.078911709620862761,
       0.0031497108208058447, 0.0065542548533798796, 0. ]
R: !!opencv-matrix
   rows: 3
   cols: 3
   dt: d
   data: [ 0.71325252564164154, -0.33542997443378203,
       0.61543282892381668, -0.044084923850170585, 0.85484421935775301,
       0.51700858805222827, -0.69951937368091843, -0.39588899060467242,
       0.5949323936070966 ]
T: !!opencv-matrix
   rows: 3
   cols: 1
   dt: d
   data: [ 3047.2053296451095, -6248.1159422047203, 12911.118916865387 ]
