%YAML:1.0
---
intrinsicMatrix: !!opencv-matrix
   rows: 3
   cols: 3
   dt: d
   data: [ 1207.6980632003067, 0., 0., 0., 1200.1692287701001, 0.,
       1024.2035136012466, 774.01142013572087, 1. ]
distortionCoefficients: !!opencv-matrix
   rows: 1
   cols: 5
   dt: d
   data: [ -0.090672949029348485, 0.078911709620862761,
       0.0031497108208058447, 0.0065542548533798796, 0. ]
R: !!opencv-matrix
   rows: 3
   cols: 3
   dt: d
   data: [ -0.71325253894788088, 0.33542995392062441,
       -0.61543282468292959, -0.044084936263796518, 0.85484422323863829,
       0.51700858057690524, 0.69951935933111864, 0.39588899960511303,
       -0.59493240449032891 ]
T: !!opencv-matrix
   rows: 3
   cols: 1
   dt: d
   data: [ 3047.2053272673575, -6248.1158836130762, 12911.11895281935 ]
