%YAML:1.0
---
intrinsicMatrix: !!opencv-matrix
   rows: 3
   cols: 3
   dt: d
   data: [ 1462.8571428571429, 0., 0., 0., 1462.8571428571429, 0., 1024.,
       750., 1. ]
distortionCoefficients: !!opencv-matrix
   rows: 1
   cols: 5
   dt: d
   data: [ 0., 0., 0., 0., 0. ]
R: !!opencv-matrix
   rows: 3
   cols: 3
   dt: d
   data: [ 0.10419857950473378, -0.96776871837160827,
       -0.22927355663174592, 0.022656760004559039, -0.22815882098491877,
       0.97336027432439809, -0.994298409560878, -0.10661735387893732,
       -0.0018473214560381646 ]
T: !!opencv-matrix
   rows: 3
   cols: 1
   dt: d
   data: [ -3501.1506160968902, -6616.0393966662641, 1867.2117441481946 ]
