%YAML:1.0
---
intrinsicMatrix: !!opencv-matrix
   rows: 3
   cols: 3
   dt: d
   data: [ 1462.8571428571429, 0., 0., 0., 1462.8571428571429, 0., 1024.,
       750., 1. ]
distortionCoefficients: !!opencv-matrix
   rows: 1
   cols: 5
   dt: d
   data: [ 0., 0., 0., 0., 0. ]
R: !!opencv-matrix
   rows: 3
   cols: 3
   dt: d
   data: [ 0.66786020574193405, 0.26910792131999012, -0.6939334782738007,
       0.080188431472691404, 0.90090384722540873, 0.42654668386052064,
       0.7399544317350164, -0.34051899321079215, 0.58009848665413499 ]
T: !!opencv-matrix
   rows: 3
   cols: 1
   dt: d
   data: [ 6512.214481992577, -1868.8190406976782, 4956.0149825848548 ]
