%YAML:1.0
---
intrinsicMatrix: !!opencv-matrix
   rows: 3
   cols: 3
   dt: d
   data: [ 1462.8571428571429, 0., 0., 0., 1462.8571428571429, 0., 1024.,
       750., 1. ]
distortionCoefficients: !!opencv-matrix
   rows: 1
   cols: 5
   dt: d
   data: [ 0., 0., 0., 0., 0. ]
R: !!opencv-matrix
   rows: 3
   cols: 3
   dt: d
   data: [ -0.66786019216169301, -0.26910794140808147,
       0.69393348355361206, 0.080188423615269636, 0.90090384233499765,
       0.42654669566664771, -0.73995444484363004, 0.34051899027387927,
       -0.58009847165719475 ]
T: !!opencv-matrix
   rows: 3
   cols: 1
   dt: d
   data: [ 6512.2144879221614, -1868.8189784756512, 4956.0150113003756 ]
