%YAML:1.0
---
intrinsicMatrix: !!opencv-matrix
   rows: 3
   cols: 3
   dt: d
   data: [ 1462.8571428571429, 0., 0., 0., 1462.8571428571429, 0., 1024.,
       750., 1. ]
distortionCoefficients: !!opencv-matrix
   rows: 1
   cols: 5
   dt: d
   data: [ 0., 0., 0., 0., 0. ]
R: !!opencv-matrix
   rows: 3
   cols: 3
   dt: d
   data: [ -0.63980245549534165, -0.013533760481269721,
       -0.76842023351117361, 0.024265698192503772, 0.99899070438509852,
       -0.037798788914390716, 0.76815623009473899, -0.042830011433572637,
       -0.63882829953535891 ]
T: !!opencv-matrix
   rows: 3
   cols: 1
   dt: d
   data: [ 29.059027211557648, -1491.3632261664693, -112.62841531157797 ]
