%YAML:1.0
---
intrinsicMatrix: !!opencv-matrix
   rows: 3
   cols: 3
   dt: d
   data: [ 1462.8571428571429, 0., 0., 0., 1462.8571428571429, 0., 1024.,
       750., 1. ]
distortionCoefficients: !!opencv-matrix
   rows: 1
   cols: 5
   dt: d
   data: [ 0., 0., 0., 0., 0. ]
R: !!opencv-matrix
   rows: 3
   cols: 3
   dt: d
   data: [ 0.66437679613284428, -0.013253639596315146,
       -0.74728027793974872, 0.019659655277557322, 0.99980669808744749,
       -0.0002537988244196987, 0.74713919099095882,
       -0.014522654610182482, 0.66450893281313295 ]
T: !!opencv-matrix
   rows: 3
   cols: 1
   dt: d
   data: [ 6560.2552890166526, -1586.0755429867374, 5136.0378070217312 ]
