%YAML:1.0
---
intrinsicMatrix: !!opencv-matrix
   rows: 3
   cols: 3
   dt: d
   data: [ 1462.8571428571429, 0., 0., 0., 1462.8571428571429, 0., 1024.,
       750., 1. ]
distortionCoefficients: !!opencv-matrix
   rows: 1
   cols: 5
   dt: d
   data: [ 0., 0., 0., 0., 0. ]
R: !!opencv-matrix
   rows: 3
   cols: 3
   dt: d
   data: [ -0.66437678151606805, 0.013253624553037751,
       0.74728029120174044, 0.019659647490935919, 0.99980669824381385,
       -0.00025378600319081457, -0.747139204193491, 0.014522657573956401,
       -0.66450891790412159 ]
T: !!opencv-matrix
   rows: 3
   cols: 1
   dt: d
   data: [ 6560.2552907793333, -1586.0754742282181, 5136.0378063283779 ]
