%YAML:1.0
---
intrinsicMatrix: !!opencv-matrix
   rows: 3
   cols: 3
   dt: d
   data: [ 1462.8571428571429, 0., 0., 0., 1462.8571428571429, 0., 1024.,
       750., 1. ]
distortionCoefficients: !!opencv-matrix
   rows: 1
   cols: 5
   dt: d
   data: [ 0., 0., 0., 0., 0. ]
R: !!opencv-matrix
   rows: 3
   cols: 3
   dt: d
   data: [ 0.6511732997973797, 0.037022959535161805, 0.75802548380529378,
       -0.024330197896784683, 0.99931437862119488, -0.02790724191386023,
       -0.75853897401603254, -0.00027045922649664736, 0.6516276173939467 ]
T: !!opencv-matrix
   rows: 3
   cols: 1
   dt: d
   data: [ 2016.2499926352548, -1010.6875123548174, 15281.764608247369 ]
