%YAML:1.0
---
intrinsicMatrix: !!opencv-matrix
   rows: 3
   cols: 3
   dt: d
   data: [ 1462.8571428571429, 0., 0., 0., 1462.8571428571429, 0., 1024.,
       750., 1. ]
distortionCoefficients: !!opencv-matrix
   rows: 1
   cols: 5
   dt: d
   data: [ 0., 0., 0., 0., 0. ]
R: !!opencv-matrix
   rows: 3
   cols: 3
   dt: d
   data: [ 0.66167640315932341, -0.29727928680714344,
       0.68833811687104551, -0.0357562051485052, 0.904486556419837,
       0.4250006624102643, -0.74893646679509396, -0.30582526856233039,
       0.58784783219236258 ]
T: !!opencv-matrix
   rows: 3
   cols: 1
   dt: d
   data: [ -109.44790866871691, 1173.1373148432156, 739.90696574186768 ]
