%YAML:1.0
---
intrinsicMatrix: !!opencv-matrix
   rows: 3
   cols: 3
   dt: d
   data: [ 1462.8571428571429, 0., 0., 0., 1462.8571428571429, 0., 1024.,
       750., 1. ]
distortionCoefficients: !!opencv-matrix
   rows: 1
   cols: 5
   dt: d
   data: [ 0., 0., 0., 0., 0. ]
R: !!opencv-matrix
   rows: 3
   cols: 3
   dt: d
   data: [ -0.66167638768895076, 0.29727927956201045,
       -0.68833813487122286, -0.035756216934473596, 0.90448655998091598,
       0.42500065383999602, 0.74893647990028955, 0.30582526507301699,
       -0.5878478173112347 ]
T: !!opencv-matrix
   rows: 3
   cols: 1
   dt: d
   data: [ -109.44790558808081, 1173.1372524448484, 739.90693696209712 ]
