%YAML:1.0
---
intrinsicMatrix: !!opencv-matrix
   rows: 3
   cols: 3
   dt: d
   data: [ 1462.8571428571429, 0., 0., 0., 1462.8571428571429, 0., 1024.,
       750., 1. ]
distortionCoefficients: !!opencv-matrix
   rows: 1
   cols: 5
   dt: d
   data: [ 0., 0., 0., 0., 0. ]
R: !!opencv-matrix
   rows: 3
   cols: 3
   dt: d
   data: [ 0.66350847020735293, -0.016041523288683145,
       -0.74799677772947448, 0.30045395969470934, 0.9213239545792189,
       0.24675815857288155, 0.68518897252281297, -0.38846472201358007,
       0.61612598685986608 ]
T: !!opencv-matrix
   rows: 3
   cols: 1
   dt: d
   data: [ 9670.3482121832767, -3266.6346513112094, 422.00972700027432 ]
