%YAML:1.0
---
intrinsicMatrix: !!opencv-matrix
   rows: 3
   cols: 3
   dt: d
   data: [ 1462.8571428571429, 0., 0., 0., 1462.8571428571429, 0., 1024.,
       750., 1. ]
distortionCoefficients: !!opencv-matrix
   rows: 1
   cols: 5
   dt: d
   data: [ 0., 0., 0., 0., 0. ]
R: !!opencv-matrix
   rows: 3
   cols: 3
   dt: d
   data: [ -0.68246509659295429, -0.016606731899054761,
       0.73072950425448291, -0.045121459378424128, 0.99879229395064983,
       -0.019442413645423678, -0.72952412286087609,
       -0.046240350349358965, -0.68239019934612044 ]
T: !!opencv-matrix
   rows: 3
   cols: 1
   dt: d
   data: [ -8917.3443541673969, -1687.9556522204798, 8974.2357796659289 ]
