%YAML:1.0
---
intrinsicMatrix: !!opencv-matrix
   rows: 3
   cols: 3
   dt: d
   data: [ 1023.6904109214876, 0., 0., 0., 1059.8008509272634, 0.,
       1083.7137667717675, 774.19160077661593, 1. ]
distortionCoefficients: !!opencv-matrix
   rows: 1
   cols: 5
   dt: d
   data: [ 0.485999503671671, -0.081504699439974362,
       0.0033946950432463502, 0.18135789470648028, 0. ]
R: !!opencv-matrix
   rows: 3
   cols: 3
   dt: d
   data: [ 0.11573731459258366, 0.36742628998006494,
       -0.92282327422014143, -0.041861086823674426, 0.93004560047976792,
       0.36505181883969345, 0.9923973616555205, -0.0036197319946075575,
       0.12302184407433148 ]
T: !!opencv-matrix
   rows: 3
   cols: 1
   dt: d
   data: [ 5327.7453790175941, 211.69020140479591, -1606.3089046737607 ]
