%YAML:1.0
---
intrinsicMatrix: !!opencv-matrix
   rows: 3
   cols: 3
   dt: d
   data: [ 1023.6904109214876, 0., 0., 0., 1059.8008509272634, 0.,
       1083.7137667717675, 774.19160077661593, 1. ]
distortionCoefficients: !!opencv-matrix
   rows: 1
   cols: 5
   dt: d
   data: [ 0.485999503671671, -0.081504699439974362,
       0.0033946950432463502, 0.18135789470648028, 0. ]
R: !!opencv-matrix
   rows: 3
   cols: 3
   dt: d
   data: [ -0.11573729417460649, -0.3674263037763868,
       0.92282327128782515, -0.041861085852203363, 0.93004559504811524,
       0.36505183278936099, -0.99239736407772416, 0.0036197271747305379,
       -0.12302182467662176 ]
T: !!opencv-matrix
   rows: 3
   cols: 1
   dt: d
   data: [ 5327.7453760871731, 211.69026565972661, -1606.3088803008611 ]
