%YAML:1.0
---
intrinsicMatrix: !!opencv-matrix
   rows: 3
   cols: 3
   dt: d
   data: [ 1462.8571428571429, 0., 0., 0., 1462.8571428571429, 0., 1024.,
       750., 1. ]
distortionCoefficients: !!opencv-matrix
   rows: 1
   cols: 5
   dt: d
   data: [ 0., 0., 0., 0., 0. ]
R: !!opencv-matrix
   rows: 3
   cols: 3
   dt: d
   data: [ 0.054697273591381185, 0.3326336057411256,
       -0.94146858290297031, -0.077567852703025506, 0.94144624170047764,
       0.32811918903820192, 0.99548552801570711, 0.055080471309739025,
       0.077296217188072391 ]
T: !!opencv-matrix
   rows: 3
   cols: 1
   dt: d
   data: [ -4971.2881714467685, -4520.8555424082933, 11420.500416719548 ]
