%YAML:1.0
---
intrinsicMatrix: !!opencv-matrix
   rows: 3
   cols: 3
   dt: d
   data: [ 1462.8571428571429, 0., 0., 0., 1462.8571428571429, 0., 1024.,
       750., 1. ]
distortionCoefficients: !!opencv-matrix
   rows: 1
   cols: 5
   dt: d
   data: [ 0., 0., 0., 0., 0. ]
R: !!opencv-matrix
   rows: 3
   cols: 3
   dt: d
   data: [ -0.054697292308635154, -0.33263362073242142,
       0.94146857651891047, -0.077567850822487419, 0.94144623694072094,
       0.32811920313955389, -0.99548552713381233, -0.055080462131277735,
       -0.077296235086327603 ]
T: !!opencv-matrix
   rows: 3
   cols: 1
   dt: d
   data: [ -4971.2881662107829, -4520.8556069100987, 11420.500393408107 ]
