%YAML:1.0
---
intrinsicMatrix: !!opencv-matrix
   rows: 3
   cols: 3
   dt: d
   data: [ 1462.8571428571429, 0., 0., 0., 1462.8571428571429, 0., 1024.,
       750., 1. ]
distortionCoefficients: !!opencv-matrix
   rows: 1
   cols: 5
   dt: d
   data: [ 0., 0., 0., 0., 0. ]
R: !!opencv-matrix
   rows: 3
   cols: 3
   dt: d
   data: [ -0.67491963907813735, -0.34176788283960824,
       0.65397109649125063, -0.046074694266043804, 0.90406004691541864,
       0.42491476100458403, -0.73645135843104226, 0.25665179880652284,
       -0.62591473128090613 ]
T: !!opencv-matrix
   rows: 3
   cols: 1
   dt: d
   data: [ -8831.9512962515491, -3321.4246081864094, 8806.1913795062555 ]
