%YAML:1.0
---
intrinsicMatrix: !!opencv-matrix
   rows: 3
   cols: 3
   dt: d
   data: [ 1462.8571428571429, 0., 0., 0., 1462.8571428571429, 0., 1024.,
       750., 1. ]
distortionCoefficients: !!opencv-matrix
   rows: 1
   cols: 5
   dt: d
   data: [ 0., 0., 0., 0., 0. ]
R: !!opencv-matrix
   rows: 3
   cols: 3
   dt: d
   data: [ -0.79542744415792077, -0.040971319579057468,
       -0.6046623289509182, -0.22844201825943553, 0.94438943826340449,
       0.2365223735507628, 0.56134608342265424, 0.32626666987064684,
       -0.76055284810298673 ]
T: !!opencv-matrix
   rows: 3
   cols: 1
   dt: d
   data: [ -5745.6311119938928, -158.97903113711578, -3865.337364814809 ]
