%YAML:1.0
---
intrinsicMatrix: !!opencv-matrix
   rows: 3
   cols: 3
   dt: d
   data: [ 1462.8571428571429, 0., 0., 0., 1462.8571428571429, 0., 1024.,
       750., 1. ]
distortionCoefficients: !!opencv-matrix
   rows: 1
   cols: 5
   dt: d
   data: [ 0., 0., 0., 0., 0. ]
R: !!opencv-matrix
   rows: 3
   cols: 3
   dt: d
<<<<<<<< HEAD:PriCaB_SelfCalibration_Human/PriCaB_output/yamls/102.yaml
   data: [ -0.6624234881789538, -0.38631254537804988,
       0.64183934095095774, 0.007226935310061672, 0.85344481628992586,
       0.52113310867174734, 0.74909471611729572, -0.34984934304838589,
       0.56255003640010659 ]
========
   data: [ 0.79542745872884368, 0.040971312152948358,
       0.60466231028619533, -0.22844200500625428, 0.9443894397488668,
       0.23652238042000012, -0.5613460681690895, -0.32626666650347003,
       0.76055286080575435 ]
>>>>>>>> origin/main:versions/v2_pricab_stable/yamls/119.yaml
T: !!opencv-matrix
   rows: 3
   cols: 1
   dt: d
<<<<<<<< HEAD:PriCaB_SelfCalibration_Human/PriCaB_output/yamls/102.yaml
   data: [ 2936.5686719058967, -5185.0760565015007, 13588.579675303885 ]
========
   data: [ -5745.6311284048143, -158.97896626026485, -3865.3373489089145 ]
>>>>>>>> origin/main:versions/v2_pricab_stable/yamls/119.yaml
