%YAML:1.0
---
intrinsicMatrix: !!opencv-matrix
   rows: 3
   cols: 3
   dt: d
   data: [ 1462.8571428571429, 0., 0., 0., 1462.8571428571429, 0., 1024.,
       750., 1. ]
distortionCoefficients: !!opencv-matrix
   rows: 1
   cols: 5
   dt: d
   data: [ 0., 0., 0., 0., 0. ]
R: !!opencv-matrix
   rows: 3
   cols: 3
   dt: d
   data: [ 0.76132817240134942, -0.038513834587958345,
       -0.64722183094620089, 0.021938541380682262, 0.99919279547591267,
       -0.033652011397840513, -0.64799545855670138, -0.01142112141445311,
       -0.7615585622101082 ]
T: !!opencv-matrix
   rows: 3
   cols: 1
   dt: d
   data: [ 334.12972423260049, -484.35198070409558, -149.27811294589623 ]
