%YAML:1.0
---
intrinsicMatrix: !!opencv-matrix
   rows: 3
   cols: 3
   dt: d
   data: [ 1462.8571428571429, 0., 0., 0., 1462.8571428571429, 0., 1024.,
       750., 1. ]
distortionCoefficients: !!opencv-matrix
   rows: 1
   cols: 5
   dt: d
   data: [ 0., 0., 0., 0., 0. ]
R: !!opencv-matrix
   rows: 3
   cols: 3
   dt: d
   data: [ 0.71683349306194433, -0.013774701332501539,
       0.6971083135552264, 0.02005860851748293, 0.99979842700498667,
       -0.00087039226624108235, 0.69695580595110473,
       -0.014606949084430733, -0.71696530012929593 ]
T: !!opencv-matrix
   rows: 3
   cols: 1
   dt: d
   data: [ 6381.467353924676, -619.80594522805143, 6038.5525987620285 ]
