%YAML:1.0
---
intrinsicMatrix: !!opencv-matrix
   rows: 3
   cols: 3
   dt: d
   data: [ 1462.8571428571429, 0., 0., 0., 1462.8571428571429, 0., 1024.,
       750., 1. ]
distortionCoefficients: !!opencv-matrix
   rows: 1
   cols: 5
   dt: d
   data: [ 0., 0., 0., 0., 0. ]
R: !!opencv-matrix
   rows: 3
   cols: 3
   dt: d
   data: [ -0.63093939217969985, -0.0095068802090391303,
       0.77577387338360515, -0.044389787623692521, 0.99872923921042489,
       -0.023863224863575901, 0.77456118554355313, 0.049492686074379642,
       0.6305596275329628 ]
T: !!opencv-matrix
   rows: 3
   cols: 1
   dt: d
   data: [ 3139.6934423505318, 2.2737367544323206e-13,
       13894.652188557729 ]
