%YAML:1.0
---
intrinsicMatrix: !!opencv-matrix
   rows: 3
   cols: 3
   dt: d
   data: [ 1462.8571428571429, 0., 0., 0., 1462.8571428571429, 0., 1024.,
       750., 1. ]
distortionCoefficients: !!opencv-matrix
   rows: 1
   cols: 5
   dt: d
   data: [ 0., 0., 0., 0., 0. ]
R: !!opencv-matrix
   rows: 3
   cols: 3
   dt: d
<<<<<<<< HEAD:PriCaB_SelfCalibration_Human/PriCaB_output/yamls/111.yaml
   data: [ 0.62473524911695943, -0.37772281201476937,
       0.68339691672879666, 0.26855235696398699, 0.92575827390464782,
       0.26617898088724945, 0.73320222318256634, -0.017236460795145726,
       -0.67979217731553798 ]
========
   data: [ -0.66350846097011007, 0.016041501942654326,
       0.74799678638113132, 0.30045395175364431, 0.92132395376713305,
       0.24675817127405617, -0.68518898494991498, 0.38846472482108518,
       -0.61612597126966151 ]
>>>>>>>> origin/main:versions/v2_pricab_stable/yamls/111.yaml
T: !!opencv-matrix
   rows: 3
   cols: 1
   dt: d
<<<<<<<< HEAD:PriCaB_SelfCalibration_Human/PriCaB_output/yamls/111.yaml
   data: [ 9876.49643393113, -2366.054038124902, 1919.1026826631346 ]
========
   data: [ 9670.3482332671483, -3266.634587899684, 422.00974330274676 ]
>>>>>>>> origin/main:versions/v2_pricab_stable/yamls/111.yaml
