%YAML:1.0
---
intrinsicMatrix: !!opencv-matrix
   rows: 3
   cols: 3
   dt: d
   data: [ 1462.8571428571429, 0., 0., 0., 1462.8571428571429, 0., 1024.,
       750., 1. ]
distortionCoefficients: !!opencv-matrix
   rows: 1
   cols: 5
   dt: d
   data: [ 0., 0., 0., 0., 0. ]
R: !!opencv-matrix
   rows: 3
   cols: 3
   dt: d
<<<<<<<< HEAD:PriCaB_SelfCalibration_Human/PriCaB_output/yamls/112.yaml
   data: [ -0.66906471307876614, -0.03892325754821347,
       -0.74218420202444613, -0.032745140924352788, 0.99920173826273584,
       -0.022883225265939847, -0.74248243444452811,
       -0.0089925677402459912, 0.669805171872213 ]
========
   data: [ 0.68246508270335693, 0.016606716237916513,
       -0.73072951758259608, -0.045121451277326814, 0.99879229407086245,
       -0.019442426270700086, 0.72952413635556168, 0.046240353377294825,
       0.68239018471415214 ]
>>>>>>>> origin/main:versions/v2_pricab_stable/yamls/112.yaml
T: !!opencv-matrix
   rows: 3
   cols: 1
   dt: d
<<<<<<<< HEAD:PriCaB_SelfCalibration_Human/PriCaB_output/yamls/112.yaml
   data: [ -8819.1270796970584, -614.78842474194778, 7463.2230996213684 ]
========
   data: [ -8917.3443576979225, -1687.9555835298258, 8974.2357789942434 ]
>>>>>>>> origin/main:versions/v2_pricab_stable/yamls/112.yaml
