%YAML:1.0
---
intrinsicMatrix: !!opencv-matrix
   rows: 3
   cols: 3
   dt: d
   data: [ 1462.8571428571429, 0., 0., 0., 1462.8571428571429, 0., 1024.,
       750., 1. ]
distortionCoefficients: !!opencv-matrix
   rows: 1
   cols: 5
   dt: d
   data: [ 0., 0., 0., 0., 0. ]
R: !!opencv-matrix
   rows: 3
   cols: 3
   dt: d
   data: [ -0.99219345933436998, -0.051881220176149316,
       -0.11340404863641278, -0.092721032892568389, 0.91501299808610193,
       0.39262453233696287, -0.083396338729174568, -0.4000744334827176,
       0.91268039222942199 ]
T: !!opencv-matrix
   rows: 3
   cols: 1
   dt: d
   data: [ -5351.357499763596, -3915.4073872060308, 10538.364705169526 ]
