%YAML:1.0
---
intrinsicMatrix: !!opencv-matrix
   rows: 3
   cols: 3
   dt: d
   data: [ 1462.8571428571429, 0., 0., 0., 1462.8571428571429, 0., 1024.,
       750., 1. ]
distortionCoefficients: !!opencv-matrix
   rows: 1
   cols: 5
   dt: d
   data: [ 0., 0., 0., 0., 0. ]
R: !!opencv-matrix
   rows: 3
   cols: 3
   dt: d
   data: [ -0.68219971377583644, 0.28029583553442777,
       -0.67530570492646069, -0.078681029073070258, 0.89009526464252098,
       0.44893174929488266, -0.72692010990766365, -0.3593948586763836,
       0.58516876998761036 ]
T: !!opencv-matrix
   rows: 3
   cols: 1
   dt: d
   data: [ -8692.3418659914441, -2204.9692414566962, 7646.0254407520297 ]
