%YAML:1.0
---
intrinsicMatrix: !!opencv-matrix
   rows: 3
   cols: 3
   dt: d
   data: [ 1462.8571428571429, 0., 0., 0., 1462.8571428571429, 0., 1024.,
       750., 1. ]
distortionCoefficients: !!opencv-matrix
   rows: 1
   cols: 5
   dt: d
   data: [ 0., 0., 0., 0., 0. ]
R: !!opencv-matrix
   rows: 3
   cols: 3
   dt: d
   data: [ 0.58443749602082862, 0.34132328143276602,
       -0.73615978618563016, -0.20969339775579596, 0.93994105039231857,
       0.26933158137325064, -0.78387594183169917, 0.003039628160667618,
       -0.62091003251526833 ]
T: !!opencv-matrix
   rows: 3
   cols: 1
   dt: d
   data: [ -5131.2483452173856, 1243.5319303864858, -3701.2260138407451 ]
