%YAML:1.0
---
intrinsicMatrix: !!opencv-matrix
   rows: 3
   cols: 3
   dt: d
   data: [ 1.462857142857143e+03, 0.000000000000000e+00, 0.000000000000000e+00, 0.000000000000000e+00, 1.462857142857143e+03, 0.000000000000000e+00, 1.024000000000000e+03, 7.480000000000000e+02, 1.000000000000000e+00 ]
distortionCoefficients: !!opencv-matrix
   rows: 1
   cols: 5
   dt: d
   data: [ 0.000000000000000e+00, 0.000000000000000e+00, 0.000000000000000e+00, 0.000000000000000e+00, 0.000000000000000e+00 ]
R: !!opencv-matrix
   rows: 3
   cols: 3
   dt: d
   data: [ -8.727996545458828e-01, 1.858231671663520e-01, 4.513208543473849e-01, -4.870768684324686e-01, -3.908280806208435e-01, -7.810310721323748e-01, 3.125519576977832e-02, -9.015115983405280e-01, 4.316247800982925e-01 ]
T: !!opencv-matrix
   rows: 3
   cols: 1
   dt: d
   data: [ 1.832832681737932e+03, 1.705168855777929e+03, 2.177687657594248e+03 ]
imageSize: !!opencv-matrix
   rows: 1
   cols: 2
   dt: i
   data: [ 2048, 1496 ]
