%YAML:1.0
---
intrinsicMatrix: !!opencv-matrix
   rows: 3
   cols: 3
   dt: d
   data: [ 1.462857142857143e+03, 0.000000000000000e+00, 0.000000000000000e+00, 0.000000000000000e+00, 1.462857142857143e+03, 0.000000000000000e+00, 1.024000000000000e+03, 7.480000000000000e+02, 1.000000000000000e+00 ]
distortionCoefficients: !!opencv-matrix
   rows: 1
   cols: 5
   dt: d
   data: [ 0.000000000000000e+00, 0.000000000000000e+00, 0.000000000000000e+00, 0.000000000000000e+00, 0.000000000000000e+00 ]
R: !!opencv-matrix
   rows: 3
   cols: 3
   dt: d
   data: [ 8.463159649523033e-01, 2.522523340935175e-01, 4.691673980694142e-01, -5.326812249993909e-01, 4.007747364102616e-01, 7.454061464654244e-01, 0.000000000000000e+00, -8.807657864606560e-01, 4.735521401074461e-01 ]
T: !!opencv-matrix
   rows: 3
   cols: 1
   dt: d
   data: [ -4.231579824761516e+01, 4.718085658486849e+02, -2.839120469625661e+02 ]
imageSize: !!opencv-matrix
   rows: 1
   cols: 2
   dt: i
   data: [ 2048, 1496 ]
