%YAML:1.0
---
intrinsicMatrix: !!opencv-matrix
   rows: 3
   cols: 3
   dt: d
   data: [ 1.462857142857143e+03, 0.000000000000000e+00, 0.000000000000000e+00, 0.000000000000000e+00, 1.462857142857143e+03, 0.000000000000000e+00, 1.024000000000000e+03, 7.480000000000000e+02, 1.000000000000000e+00 ]
distortionCoefficients: !!opencv-matrix
   rows: 1
   cols: 5
   dt: d
   data: [ 0.000000000000000e+00, 0.000000000000000e+00, 0.000000000000000e+00, 0.000000000000000e+00, 0.000000000000000e+00 ]
R: !!opencv-matrix
   rows: 3
   cols: 3
   dt: d
   data: [ -1.179721613220590e-01, -8.326919570995902e-01, -5.410237275153984e-01, -1.106829730046635e-01, -5.304070262868914e-01, 8.404865650040727e-01, -9.868291891912454e-01, 1.590361312631531e-01, -2.959155813738368e-02 ]
T: !!opencv-matrix
   rows: 3
   cols: 1
   dt: d
   data: [ 2.665584887640098e+03, 1.146070515101622e+03, 1.074280960084199e+03 ]
imageSize: !!opencv-matrix
   rows: 1
   cols: 2
   dt: i
   data: [ 2048, 1496 ]
