%YAML:1.0
---
intrinsicMatrix: !!opencv-matrix
   rows: 3
   cols: 3
   dt: d
   data: [ 1.462857142857143e+03, 0.000000000000000e+00, 0.000000000000000e+00, 0.000000000000000e+00, 1.462857142857143e+03, 0.000000000000000e+00, 1.024000000000000e+03, 7.500000000000000e+02, 1.000000000000000e+00 ]
distortionCoefficients: !!opencv-matrix
   rows: 1
   cols: 5
   dt: d
   data: [ 0.000000000000000e+00, 0.000000000000000e+00, 0.000000000000000e+00, 0.000000000000000e+00, 0.000000000000000e+00 ]
R: !!opencv-matrix
   rows: 3
   cols: 3
   dt: d
   data: [ -8.189509886527143e-01, 2.765372221051370e-01, -5.028383865369825e-01, 5.738634665011720e-01, 3.946416607125394e-01, -7.175922807871522e-01, 0.000000000000000e+00, -8.762334873881635e-01, -4.818867870979416e-01 ]
T: !!opencv-matrix
   rows: 3
   cols: 1
   dt: d
   data: [ -5.834278576095221e+01, 4.476480724736359e+02, 4.477723453113232e+03 ]
imageSize: !!opencv-matrix
   rows: 1
   cols: 2
   dt: i
   data: [ 2048, 1500 ]
