%YAML:1.0
---
intrinsicMatrix: !!opencv-matrix
   rows: 3
   cols: 3
   dt: d
   data: [ 1462.8571428571429, 0., 0., 0., 1462.8571428571429, 0., 1024.,
       750., 1. ]
distortionCoefficients: !!opencv-matrix
   rows: 1
   cols: 5
   dt: d
   data: [ 0., 0., 0., 0., 0. ]
R: !!opencv-matrix
   rows: 3
   cols: 3
   dt: d
   data: [ 0.95544988612403225, -0.28737798364287531,
       0.067300888723169569, 0.25681611898414702, 0.92182766623708967,
       0.29030886102529108, -0.14546819630246957, -0.26009161516134316,
       0.95456343717286285 ]
T: !!opencv-matrix
   rows: 3
   cols: 1
   dt: d
   data: [ 7777.7024869785491, 2036.6080469430785, -5687.9151431462451 ]
