%YAML:1.0
---
intrinsicMatrix: !!opencv-matrix
   rows: 3
   cols: 3
   dt: d
   data: [ 1207.6980632003067, 0., 0., 0., 1200.1692287701001, 0.,
       1024.2035136012466, 774.01142013572087, 1. ]
distortionCoefficients: !!opencv-matrix
   rows: 1
   cols: 5
   dt: d
   data: [ -0.090672949029348485, 0.078911709620862761,
       0.0031497108208058447, 0.0065542548533798796, 0. ]
R: !!opencv-matrix
   rows: 3
   cols: 3
   dt: d
   data: [ -0.15612329014763701, 0.58245598394100628,
       -0.79772836545079173, 0.10383169627435998, 0.81283500086925831,
       0.57316510728642678, 0.98226498314979438, 0.0066549329964514653,
       -0.18737986750061192 ]
T: !!opencv-matrix
   rows: 3
   cols: 1
   dt: d
   data: [ -6491.310078645357, -687.69712494248574, 7374.4676496463799 ]
