%YAML:1.0
---
intrinsicMatrix: !!opencv-matrix
   rows: 3
   cols: 3
   dt: d
   data: [ 1207.6980632003067, 0., 0., 0., 1200.1692287701001, 0.,
       1024.2035136012466, 774.01142013572087, 1. ]
distortionCoefficients: !!opencv-matrix
   rows: 1
   cols: 5
   dt: d
   data: [ -0.090672949029348485, 0.078911709620862761,
       0.0031497108208058447, 0.0065542548533798796, 0. ]
R: !!opencv-matrix
   rows: 3
   cols: 3
   dt: d
   data: [ 0.71389416282321427, 0.35099382755033681,
       -0.60593601750391635, 0.039763057233752161, 0.84359419604903541,
       0.5355069856423974, 0.69912375411393901, -0.40638917974516242,
       0.58828038469737087 ]
T: !!opencv-matrix
   rows: 3
   cols: 1
   dt: d
   data: [ 2620.5373501020649, -5137.7889643020608, 12161.813740874353 ]
