%YAML:1.0
---
intrinsicMatrix: !!opencv-matrix
   rows: 3
   cols: 3
   dt: d
   data: [ 1462.8571428571429, 0., 0., 0., 1462.8571428571429, 0., 1024.,
       750., 1. ]
distortionCoefficients: !!opencv-matrix
   rows: 1
   cols: 5
   dt: d
   data: [ 0., 0., 0., 0., 0. ]
R: !!opencv-matrix
   rows: 3
   cols: 3
   dt: d
   data: [ 0.89271799063555735, 0.43727708630647377,
       -0.10882710593842632, -0.37562091757748978, 0.85552886370547243,
       0.35634153511072425, 0.2489247184870505, -0.27723476181414142,
       0.92799642853191999 ]
T: !!opencv-matrix
   rows: 3
   cols: 1
   dt: d
   data: [ -1716.7415004146492, 5758.0925218098946, -7803.2029397862643 ]
