%YAML:1.0
---
intrinsicMatrix: !!opencv-matrix
   rows: 3
   cols: 3
   dt: d
   data: [ 1462.8571428571429, 0., 0., 0., 1462.8571428571429, 0., 1024.,
       750., 1. ]
distortionCoefficients: !!opencv-matrix
   rows: 1
   cols: 5
   dt: d
   data: [ 0., 0., 0., 0., 0. ]
R: !!opencv-matrix
   rows: 3
   cols: 3
   dt: d
   data: [ -0.10419859967725423, 0.96776871961118127,
       0.22927354223161936, 0.022656755782499018, -0.22815880699201307,
       0.97336027770265698, 0.99429840754308341, 0.10661737257181055,
       0.0018473286584284043 ]
T: !!opencv-matrix
   rows: 3
   cols: 1
   dt: d
   data: [ -3501.150614315985, -6616.039413096707, 1867.2118109178789 ]
