%YAML:1.0
---
intrinsicMatrix: !!opencv-matrix
   rows: 3
   cols: 3
   dt: d
   data: [ 1462.8571428571429, 0., 0., 0., 1462.8571428571429, 0., 1024.,
       750., 1. ]
distortionCoefficients: !!opencv-matrix
   rows: 1
   cols: 5
   dt: d
   data: [ 0., 0., 0., 0., 0. ]
R: !!opencv-matrix
   rows: 3
   cols: 3
   dt: d
   data: [ -0.12429195932632663, 0.27429869907569421,
       -0.95357838300383302, -0.22540098250618146, 0.92810096843688528,
       0.29634943811615932, 0.96630528609341204, 0.25177135673443307,
       -0.053528291547852908 ]
T: !!opencv-matrix
   rows: 3
   cols: 1
   dt: d
   data: [ -9252.544907403455, -1400.909549804529, 3069.3113491802715 ]
