%YAML:1.0
---
intrinsicMatrix: !!opencv-matrix
   rows: 3
   cols: 3
   dt: d
   data: [ 1462.8571428571429, 0., 0., 0., 1462.8571428571429, 0., 1024.,
       750., 1. ]
distortionCoefficients: !!opencv-matrix
   rows: 1
   cols: 5
   dt: d
   data: [ 0., 0., 0., 0., 0. ]
R: !!opencv-matrix
   rows: 3
   cols: 3
   dt: d
   data: [ -0.99979743220427486, 0.013695030384796098,
       0.014749261015324507, 0.018670286175923038, 0.90477156255541791,
       0.42548776716274295, -0.0075176440357203837, 0.42567694996767996,
       -0.90484397511082837 ]
T: !!opencv-matrix
   rows: 3
   cols: 1
   dt: d
   data: [ -1479.2755284306495, -2589.3643896116719, 9386.1463315492347 ]
