%YAML:1.0
---
intrinsicMatrix: !!opencv-matrix
   rows: 3
   cols: 3
   dt: d
   data: [ 1462.8571428571429, 0., 0., 0., 1462.8571428571429, 0., 1024.,
       750., 1. ]
distortionCoefficients: !!opencv-matrix
   rows: 1
   cols: 5
   dt: d
   data: [ 0., 0., 0., 0., 0. ]
R: !!opencv-matrix
   rows: 3
   cols: 3
   dt: d
   data: [ -0.70561127092186327, 0.37724448891448764,
       -0.59983275163305294, 0.085836301692049199, 0.88577630964352549,
       0.45610575373056678, 0.70338102310189188, 0.27034593553065289,
       -0.65739501936217304 ]
T: !!opencv-matrix
   rows: 3
   cols: 1
   dt: d
   data: [ 6086.6247450224646, -932.90986659789041, 6168.0695038988842 ]
