%YAML:1.0
---
intrinsicMatrix: !!opencv-matrix
   rows: 3
   cols: 3
   dt: d
   data: [ 1462.8571428571429, 0., 0., 0., 1462.8571428571429, 0., 1024.,
       750., 1. ]
distortionCoefficients: !!opencv-matrix
   rows: 1
   cols: 5
   dt: d
   data: [ 0., 0., 0., 0., 0. ]
R: !!opencv-matrix
   rows: 3
   cols: 3
   dt: d
   data: [ -0.24684901576052376, 0.021453297872045776,
       0.96881645290966978, -0.0078568325971092676, 0.99967774808279553,
       -0.024138561880356096, -0.96902210170852199,
       -0.013570408929876333, -0.24660091322189853 ]
T: !!opencv-matrix
   rows: 3
   cols: 1
   dt: d
   data: [ 5975.1712554633568, 162.45793676320409, 7827.1158720901212 ]
