%YAML:1.0
---
intrinsicMatrix: !!opencv-matrix
   rows: 3
   cols: 3
   dt: d
   data: [ 1462.8571428571429, 0., 0., 0., 1462.8571428571429, 0., 1024.,
       750., 1. ]
distortionCoefficients: !!opencv-matrix
   rows: 1
   cols: 5
   dt: d
   data: [ 0., 0., 0., 0., 0. ]
R: !!opencv-matrix
   rows: 3
   cols: 3
   dt: d
   data: [ -0.76263654709944595, 0.032814186590682262,
       0.64599437008895566, -0.018779620191648871, 0.99716805433264533,
       -0.072823054618044336, -0.64655457843378705,
       -0.067669051839353747, -0.7598605638730509 ]
T: !!opencv-matrix
   rows: 3
   cols: 1
   dt: d
   data: [ -52.228821288862392, -598.67636798113892, -44.800011185050167 ]
