%YAML:1.0
---
intrinsicMatrix: !!opencv-matrix
   rows: 3
   cols: 3
   dt: d
   data: [ 1462.8571428571429, 0., 0., 0., 1462.8571428571429, 0., 1024.,
       750., 1. ]
distortionCoefficients: !!opencv-matrix
   rows: 1
   cols: 5
   dt: d
   data: [ 0., 0., 0., 0., 0. ]
R: !!opencv-matrix
   rows: 3
   cols: 3
   dt: d
   data: [ 0.63980247046347993, 0.013533744885246547,
       0.76842022132307841, 0.024265709707582891, 0.99899070446917271,
       -0.037798779300041122, -0.76815621726392025, 0.04283001440073244,
       0.63882831476478708 ]
T: !!opencv-matrix
   rows: 3
   cols: 1
   dt: d
   data: [ 29.059028273513377, -1491.3631574602637, -112.62841841822129 ]
