%YAML:1.0
---
intrinsicMatrix: !!opencv-matrix
   rows: 3
   cols: 3
   dt: d
   data: [ 1462.8571428571429, 0., 0., 0., 1462.8571428571429, 0., 1024.,
       750., 1. ]
distortionCoefficients: !!opencv-matrix
   rows: 1
   cols: 5
   dt: d
   data: [ 0., 0., 0., 0., 0. ]
R: !!opencv-matrix
   rows: 3
   cols: 3
   dt: d
   data: [ -0.99991877006356555, -0.012612302747652862,
       -0.0018393188869091179, -0.012586472164524954,
       0.99983049775618071, -0.013437130462995023, 0.0020084802756895762,
       -0.013412888429769889, -0.99990802598586681 ]
T: !!opencv-matrix
   rows: 3
   cols: 1
   dt: d
   data: [ -1606.5746946723698, 4.883357851137065, 9716.5683701455255 ]
