%YAML:1.0
---
intrinsicMatrix: !!opencv-matrix
   rows: 3
   cols: 3
   dt: d
   data: [ 1462.8571428571429, 0., 0., 0., 1462.8571428571429, 0., 1024.,
       750., 1. ]
distortionCoefficients: !!opencv-matrix
   rows: 1
   cols: 5
   dt: d
   data: [ 0., 0., 0., 0., 0. ]
R: !!opencv-matrix
   rows: 3
   cols: 3
   dt: d
   data: [ -0.71919756637794585, -0.0054041134729715208,
       -0.69478461128151914, 0.007427156469421119, 0.99985282323999869,
       -0.015465096371603511, 0.69476593026919442, -0.016282733694791419,
       -0.71905158001398317 ]
T: !!opencv-matrix
   rows: 3
   cols: 1
   dt: d
   data: [ 6032.9120427447078, -222.56460867799794, 5798.2425775058282 ]
