%YAML:1.0
---
intrinsicMatrix: !!opencv-matrix
   rows: 3
   cols: 3
   dt: d
   data: [ 1462.8571428571429, 0., 0., 0., 1462.8571428571429, 0., 1024.,
       750., 1. ]
distortionCoefficients: !!opencv-matrix
   rows: 1
   cols: 5
   dt: d
   data: [ 0., 0., 0., 0., 0. ]
R: !!opencv-matrix
   rows: 3
   cols: 3
   dt: d
   data: [ -0.65117331457268324, -0.03702297428681528,
       -0.75802547039224444, -0.024330209553691001, 0.99931437807413992,
       -0.027907251340264609, 0.75853896095816919,
       0.00027046118582532756, -0.6516276325933763 ]
T: !!opencv-matrix
   rows: 3
   cols: 1
   dt: d
   data: [ 2016.2499915763392, -1010.6874435930774, 15281.76460682484 ]
