%YAML:1.0
---
intrinsicMatrix: !!opencv-matrix
   rows: 3
   cols: 3
   dt: d
   data: [ 1462.8571428571429, 0., 0., 0., 1462.8571428571429, 0., 1024.,
       750., 1. ]
distortionCoefficients: !!opencv-matrix
   rows: 1
   cols: 5
   dt: d
   data: [ 0., 0., 0., 0., 0. ]
R: !!opencv-matrix
   rows: 3
   cols: 3
   dt: d
   data: [ -0.18914038924855098, -0.0031652508996998403,
       -0.9819449548430137, 0.0029149203122572848, 0.99998858889590059,
       -0.0037848801247468179, 0.98194572986213458,
       -0.003578164994443724, -0.1891290044937389 ]
T: !!opencv-matrix
   rows: 3
   cols: 1
   dt: d
   data: [ -6500.9624776940036, 45.094745264245546, 7397.8551159117842 ]
