%YAML:1.0
---
intrinsicMatrix: !!opencv-matrix
   rows: 3
   cols: 3
   dt: d
   data: [ 1462.8571428571429, 0., 0., 0., 1462.8571428571429, 0., 1024.,
       750., 1. ]
distortionCoefficients: !!opencv-matrix
   rows: 1
   cols: 5
   dt: d
   data: [ 0., 0., 0., 0., 0. ]
R: !!opencv-matrix
   rows: 3
   cols: 3
   dt: d
   data: [ 0.74218943192659681, 0., -0.67019015744524002, 0., 1., 0.,
       0.67019015744524002, 0., 0.74218943192659681 ]
T: !!opencv-matrix
   rows: 3
   cols: 1
   dt: d
   data: [ 2093.0445878419423, 0., 13765.670934025919 ]
