%YAML:1.0
---
intrinsicMatrix: !!opencv-matrix
   rows: 3
   cols: 3
   dt: d
   data: [ 1462.8571428571429, 0., 0., 0., 1462.8571428571429, 0., 1024.,
       750., 1. ]
distortionCoefficients: !!opencv-matrix
   rows: 1
   cols: 5
   dt: d
   data: [ 0., 0., 0., 0., 0. ]
R: !!opencv-matrix
   rows: 3
   cols: 3
   dt: d
   data: [ -0.20323145388097669, -0.47741465471650746, 0.854852164771981,
       -0.086712998280675871, 0.87841788094124995, 0.46996051150267881,
       -0.97528346242648845, 0.021383963725231988, -0.21992019919233899 ]
T: !!opencv-matrix
   rows: 3
   cols: 1
   dt: d
   data: [ 5865.9527339972637, -1147.3170953143126, 7827.3283432961671 ]
