%YAML:1.0
---
intrinsicMatrix: !!opencv-matrix
   rows: 3
   cols: 3
   dt: d
   data: [ 1462.8571428571429, 0., 0., 0., 1462.8571428571429, 0., 1024.,
       750., 1. ]
distortionCoefficients: !!opencv-matrix
   rows: 1
   cols: 5
   dt: d
   data: [ 0., 0., 0., 0., 0. ]
R: !!opencv-matrix
   rows: 3
   cols: 3
   dt: d
   data: [ -0.76256666400275253, -0.28605590905796224,
       0.58022762761241897, -0.034267906982042393, 0.91352490671738684,
       0.4053368418464563, -0.64600138815855745, 0.28921317691283005,
       -0.70642617788216544 ]
T: !!opencv-matrix
   rows: 3
   cols: 1
   dt: d
   data: [ -13.694846325735227, 2018.7449511433801, 992.34280927497684 ]
