%YAML:1.0
---
intrinsicMatrix: !!opencv-matrix
   rows: 3
   cols: 3
   dt: d
   data: [ 1462.8571428571429, 0., 0., 0., 1462.8571428571429, 0., 1024.,
       750., 1. ]
distortionCoefficients: !!opencv-matrix
   rows: 1
   cols: 5
   dt: d
   data: [ 0., 0., 0., 0., 0. ]
R: !!opencv-matrix
   rows: 3
   cols: 3
   dt: d
   data: [ -0.96380411058125415, 0.26467379867809987,
       0.032084524618303925, 0.26516883651307582, 0.93912093441359479,
       0.21848880678066324, 0.027697013719526001, 0.21908822615430737,
       -0.9753118601716988 ]
T: !!opencv-matrix
   rows: 3
   cols: 1
   dt: d
   data: [ 1231.9321668135749, -1404.3751578774077, 9669.6887509766693 ]
