%YAML:1.0
---
intrinsicMatrix: !!opencv-matrix
   rows: 3
   cols: 3
   dt: d
   data: [ 1462.8571428571429, 0., 0., 0., 1462.8571428571429, 0., 1024.,
       750., 1. ]
distortionCoefficients: !!opencv-matrix
   rows: 1
   cols: 5
   dt: d
   data: [ 0., 0., 0., 0., 0. ]
R: !!opencv-matrix
   rows: 3
   cols: 3
   dt: d
   data: [ -0.57474485381392559, 0.36898132853176541,
       -0.73042530912430925, 0.27145146634357176, 0.92800316701199004,
       0.25519448159323704, 0.77199899898531854, -0.051603306198824854,
       -0.63352556724651321 ]
T: !!opencv-matrix
   rows: 3
   cols: 1
   dt: d
   data: [ 9856.7307500621664, -2138.929704159164, 2286.798417921852 ]
