%YAML:1.0
---
intrinsicMatrix: !!opencv-matrix
   rows: 3
   cols: 3
   dt: d
   data: [ 1462.8571428571429, 0., 0., 0., 1462.8571428571429, 0., 1024.,
       750., 1. ]
distortionCoefficients: !!opencv-matrix
   rows: 1
   cols: 5
   dt: d
   data: [ 0., 0., 0., 0., 0. ]
R: !!opencv-matrix
   rows: 3
   cols: 3
   dt: d
   data: [ 0.68246508270335693, 0.016606716237916513,
       -0.73072951758259608, -0.045121451277326814, 0.99879229407086245,
       -0.019442426270700086, 0.72952413635556168, 0.046240353377294825,
       0.68239018471415214 ]
T: !!opencv-matrix
   rows: 3
   cols: 1
   dt: d
   data: [ -8917.3443576979225, -1687.9555835298258, 8974.2357789942434 ]
