%YAML:1.0
---
intrinsicMatrix: !!opencv-matrix
   rows: 3
   cols: 3
   dt: d
   data: [ 1462.8571428571429, 0., 0., 0., 1462.8571428571429, 0., 1024.,
       750., 1. ]
distortionCoefficients: !!opencv-matrix
   rows: 1
   cols: 5
   dt: d
   data: [ 0., 0., 0., 0., 0. ]
R: !!opencv-matrix
   rows: 3
   cols: 3
   dt: d
   data: [ 0.59012488671891494, 0.024573387203265764,
       0.80693789520405257, -0.026130107582121941, 0.99959433097696404,
       -0.011330973323692341, -0.8068889858913274, -0.014398684664713939,
       0.59052759658392895 ]
T: !!opencv-matrix
   rows: 3
   cols: 1
   dt: d
   data: [ -8772.8998167615537, -252.71201879361863, 6803.4617747757047 ]
