%YAML:1.0
---
intrinsicMatrix: !!opencv-matrix
   rows: 3
   cols: 3
   dt: d
   data: [ 1023.6904109214876, 0., 0., 0., 1059.8008509272634, 0.,
       1083.7137667717675, 774.19160077661593, 1. ]
distortionCoefficients: !!opencv-matrix
   rows: 1
   cols: 5
   dt: d
   data: [ 0.485999503671671, -0.081504699439974362,
       0.0033946950432463502, 0.18135789470648028, 0. ]
R: !!opencv-matrix
   rows: 3
   cols: 3
   dt: d
   data: [ -0.9937596410719397, 0.018660794273259559,
       -0.10997068033644586, -0.019407263866679847, 0.94194261996128337,
       0.3352125576551131, 0.10984140333125186, 0.3352549409890398,
       -0.93570240496466428 ]
T: !!opencv-matrix
   rows: 3
   cols: 1
   dt: d
   data: [ 4796.6557023597679, 926.46458793947227, -1123.0042912931622 ]
