%YAML:1.0
---
intrinsicMatrix: !!opencv-matrix
   rows: 3
   cols: 3
   dt: d
   data: [ 1023.6904109214876, 0., 0., 0., 1059.8008509272634, 0.,
       1083.7137667717675, 774.19160077661593, 1. ]
distortionCoefficients: !!opencv-matrix
   rows: 1
   cols: 5
   dt: d
   data: [ 0.485999503671671, -0.081504699439974362,
       0.0033946950432463502, 0.18135789470648028, 0. ]
R: !!opencv-matrix
   rows: 3
   cols: 3
   dt: d
   data: [ -0.8264972942859109, -0.28801626190561924,
       0.48368259780147316, -0.079942957055751718, 0.91054925902815209,
       0.40559730090382157, -0.55723544947827097, 0.29655805462201951,
       -0.77559137055768779 ]
T: !!opencv-matrix
   rows: 3
   cols: 1
   dt: d
   data: [ 2373.6008350794327, -2877.1700128823991, 9114.862521241801 ]
