%YAML:1.0
---
intrinsicMatrix: !!opencv-matrix
   rows: 3
   cols: 3
   dt: d
   data: [ 1462.8571428571429, 0., 0., 0., 1462.8571428571429, 0., 1024.,
       750., 1. ]
distortionCoefficients: !!opencv-matrix
   rows: 1
   cols: 5
   dt: d
   data: [ 0., 0., 0., 0., 0. ]
R: !!opencv-matrix
   rows: 3
   cols: 3
   dt: d
   data: [ 0.99798563603334212, 0.00047260900012516179,
       0.063438528607295208, -0.026831853126445093, 0.90927393748353003,
       0.4153323467670178, -0.057486710889791688, -0.41619788953565162,
       0.90745500980331961 ]
T: !!opencv-matrix
   rows: 3
   cols: 1
   dt: d
   data: [ -4798.4975602342511, -3503.5951093223557, 10903.823200660205 ]
