%YAML:1.0
---
intrinsicMatrix: !!opencv-matrix
   rows: 3
   cols: 3
   dt: d
   data: [ 1462.8571428571429, 0., 0., 0., 1462.8571428571429, 0., 1024.,
       750., 1. ]
distortionCoefficients: !!opencv-matrix
   rows: 1
   cols: 5
   dt: d
   data: [ 0., 0., 0., 0., 0. ]
R: !!opencv-matrix
   rows: 3
   cols: 3
   dt: d
   data: [ 0.50720857000188158, 0.35561458074862223,
       -0.78503358939323631, 0.056810981946779041, 0.89512096950766706,
       0.44218883101894035, 0.85994882338828105, -0.2688804937265547,
       0.43381021339576015 ]
T: !!opencv-matrix
   rows: 3
   cols: 1
   dt: d
   data: [ -9025.4554925007124, 2265.4317630581049, 3225.1789203506414 ]
