%YAML:1.0
---
intrinsicMatrix: !!opencv-matrix
   rows: 3
   cols: 3
   dt: d
   data: [ 1462.8571428571429, 0., 0., 0., 1462.8571428571429, 0., 1024.,
       750., 1. ]
distortionCoefficients: !!opencv-matrix
   rows: 1
   cols: 5
   dt: d
   data: [ 0., 0., 0., 0., 0. ]
R: !!opencv-matrix
   rows: 3
   cols: 3
   dt: d
   data: [ 0.58633202290898134, 0.36012232881558182,
       -0.72562157299787011, -0.19048674929523746, 0.93192670035233383,
       0.30858940926957462, 0.78735605494235883, -0.042714557926456134,
       0.61501699918518704 ]
T: !!opencv-matrix
   rows: 3
   cols: 1
   dt: d
   data: [ -4112.0720831094368, 666.83163169110514, 650.73853718704538 ]
