%YAML:1.0
---
intrinsicMatrix: !!opencv-matrix
   rows: 3
   cols: 3
   dt: d
   data: [ 1462.8571428571429, 0., 0., 0., 1462.8571428571429, 0., 1024.,
       750., 1. ]
distortionCoefficients: !!opencv-matrix
   rows: 1
   cols: 5
   dt: d
   data: [ 0., 0., 0., 0., 0. ]
R: !!opencv-matrix
   rows: 3
   cols: 3
   dt: d
   data: [ 0.60897493582510198, -0.35358613978459791, 0.710018569679019,
       -0.067805376369824172, 0.86866080433152049, 0.49074518637828968,
       -0.79028599789706488, -0.34699459472784666, 0.50501761628432118 ]
T: !!opencv-matrix
   rows: 3
   cols: 1
   dt: d
   data: [ -8667.1013728753442, -1608.0213003656754, 7292.3757586209913 ]
