%YAML:1.0
---
intrinsicMatrix: !!opencv-matrix
   rows: 3
   cols: 3
   dt: d
   data: [ 1462.8571428571429, 0., 0., 0., 1462.8571428571429, 0., 1024.,
       750., 1. ]
distortionCoefficients: !!opencv-matrix
   rows: 1
   cols: 5
   dt: d
   data: [ 0., 0., 0., 0., 0. ]
R: !!opencv-matrix
   rows: 3
   cols: 3
   dt: d
   data: [ 0.99971009951737155, 0.022149901476084012,
       0.0094392154105459609, -0.023297630518884817, 0.79094250744561345,
       0.6114467845428998, 0.0060776093303572818, -0.61148943717798232,
       0.79122925305159297 ]
T: !!opencv-matrix
   rows: 3
   cols: 1
   dt: d
   data: [ 19.698098036157837, 8617.7627456421487, 4767.2407358150067 ]
