%YAML:1.0
---
intrinsicMatrix: !!opencv-matrix
   rows: 3
   cols: 3
   dt: d
   data: [ 1462.8571428571429, 0., 0., 0., 1462.8571428571429, 0., 1024.,
       750., 1. ]
distortionCoefficients: !!opencv-matrix
   rows: 1
   cols: 5
   dt: d
   data: [ 0., 0., 0., 0., 0. ]
R: !!opencv-matrix
   rows: 3
   cols: 3
   dt: d
   data: [ -0.66270297290225755, -0.3457443118440181,
       0.66429333922147393, -0.2544871722888899, 0.93822890593418917,
       0.23444146222445156, -0.70431601490163109, -0.013689079481120883,
       -0.70975457748157211 ]
T: !!opencv-matrix
   rows: 3
   cols: 1
   dt: d
   data: [ -4466.2666442028385, 1291.1732609518106, -3746.2947486099333 ]
