%YAML:1.0
---
intrinsicMatrix: !!opencv-matrix
   rows: 3
   cols: 3
   dt: d
   data: [ 1462.8571428571429, 0., 0., 0., 1462.8571428571429, 0., 1024.,
       750., 1. ]
distortionCoefficients: !!opencv-matrix
   rows: 1
   cols: 5
   dt: d
   data: [ 0., 0., 0., 0., 0. ]
R: !!opencv-matrix
   rows: 3
   cols: 3
   dt: d
   data: [ -0.022357644363295934, -0.33198975745258946,
       0.94301799382890561, -0.33857564162698922, 0.89003003030777739,
       0.30530817225749007, -0.9406735196843794, -0.31245695078987734,
       -0.13230262003337431 ]
T: !!opencv-matrix
   rows: 3
   cols: 1
   dt: d
   data: [ 5295.026154532412, 2689.2689885305044, 7856.4201337889117 ]
